nu 1111111 1111111111

011111 1111111 111111. 1111111111
911,911,91111111111111111.

11 ceramque 111111111. Palu,
111111, 1881, 1111118.

11101191111 11 110111111911
11191111. Puris, (1111111111 Bw·
1111,1881,11-4.

111 0111111111 11 11 1111910111·
1111, 0111111 1885, 91. 111-8.

Lethes 11 11111Τ19111 101111
1111. 0111, 11111111,1185,11-8.

11 ’111111 11 01111111. 11111,
111111, 1886, 91. 11-8.

1111111111. 11111, 11111111,
1886, 91. 11-4.

11 91111 011111111111111. 11111,
kevy, 1881, 91. 111411 11111111,
Socim 11111111. 111 midi 11111
11111111,1894,11-4.

111 1111111111· 11 Salat-Ptre-
11-1111111. Puri», 111111188991.
11-8.

11Τ111111111111111011111-
111111101111111 1 11119111 1111-
111111 11 le Τ1111111 11 Fran·
9111 1⁸¹: 1111111 811111. 111-111111,
1889-1891, 91. 11-8.

11011111 1111 11 1191111111.
Parin, 1119, 1888, 91. 11-4.

101111 Teutonique 1111 1111111
1111111 11 01111111. 01111111,
0111111, 1888,11-8.

1111111111111111111. Pam, 8111-
111, 1881, 91.11-4.

1111111111 11 xm· 111111 1111
0111111111 11 01111111. 11111,
11111111, 1888,11-4.

1111119111 11 1111 11 11111191
11110111111. 11111, 111111, 1891,
11-8.

Viuite 1111 1111111 11 sunt-nnu-
1111 11 118111, 1111111111. 11111,
111111, 1891, 11-1.

1111111111111 11 11111 nonu
11 0111111119 1 1111111. 11111,

, 11111111,1891,1111.

1111111111101111), 1111911111
1191911911911 1101111111111911,
1111 11911119111 11 c.1³. 11
111911191 (911111 91111. 1111119).
11111, 11111111, 1891, 11-4.

1111Ιί19119ὴί1 91111111 111111111-
111111 1119111111,11 11111111111

1111 111111. 18111119. 111
1111, ³ 111. 118. (01111
1111191111 1111111111 de 1’1
1111 paulique).

01 1111 111 Ρ111111 9111
111911 191. 11111, 11111111
114.

0111111111111 = 1 911911
91111111111111111191111 11
11111, Gazette 111 Beata
1895,11-4.

111 11111111 1111111111
11 011111 11 1111111111 La
Pnrln, Rem 11 1111111111
1899-1911,11·8.

11 1111111111 11111111. Par
1111, 1899, 11-8.

11 11111111111111111
1101111111 11 Fer. Ρ1111, 1
111 8111111111, 1899.

11 111111111 11 0111111111
1111111 venerande 11 Bait
Pais. 0111111111811111-1111
11-4.

11011111 11111111 11 H
111111. 11111, 1111111111
1911,11·4.

11 0111111 11 saint-Nun
111111. Parin, Monumts
1111111·

11 'four de 1111111191
11111111111111111 155.
111111, 1911, 11-8.

11 81111-81111111 Tutin
11111111911 1 111 119111111
11 christanum 111 1911.
1111ιί11911, 1911,11-8.

neuque· 11 constantinop]
1111111111. 11111, 0111111,
itu-4. (0111191 11111111 911
111111 111 11111191111 11
1111111).

11 camec de Trimon.
6111111111 Bau-Am, 1913,

Histoire 1111 11111111911
1111191111. (Histoire 111 Scit
91111111 1111 111 1119111111 1
1111 11 1111111111 91111911
1111111111 111 Seleucen). -
1191111111 11111111- 11111911
91111. Parin, 1111111, 1⁸96-
³ 111. 91. 11-4. (0111191 1111
91111111111111 111191111).

 

